0 4 4 4 4 4 4 4 4 4 4 
4 0 11 13 20 19 10 12 17 12 6 
4 11 0 5 5 9 5 14 5 5 6 
4 13 5 0 8 18 5 18 2 9 6 
4 20 5 8 0 18 5 10 2 4 6 
4 19 9 18 18 0 5 18 18 13 6 
4 10 5 5 5 5 0 15 5 5 6 
4 12 14 18 10 18 15 0 19 11 9 
4 17 5 2 2 18 5 19 0 2 6 
4 12 5 9 4 13 5 11 2 0 6 
4 6 6 6 6 6 6 9 6 6 0 
