0 8 8 8 8 8 8 8 8 8 8 8 
8 0 14 15 15 20 10 15 18 19 11 13 
8 14 0 8 2 11 2 16 5 6 6 6 
8 15 8 0 10 8 2 3 5 7 6 13 
8 15 2 10 0 10 2 14 2 2 6 3 
8 20 11 8 10 0 2 9 11 10 7 11 
8 10 2 2 2 2 0 2 2 2 2 2 
8 15 16 3 14 9 2 0 17 13 6 10 
8 18 5 5 2 11 2 17 0 5 6 12 
8 19 6 7 2 10 2 13 5 0 6 12 
8 11 6 6 6 7 2 6 6 6 0 6 
8 13 6 13 3 11 2 10 12 12 6 0 
